3 -0.817464 0.409389 -0.000137387 -0.0011376 0.00100021
2.96 -0.833804 0.424909 -1.248e-05 0.00177808 -0.00179056
2.92 -0.851235 0.44589 -4.89067e-05 0.00188656 -0.00193547
2.88 -0.868752 0.459588 -3.63733e-05 -0.00033568 0.000299307
2.84 -0.887655 0.485334 -8.31467e-05 -8.944e-05 6.29333e-06
2.8 -0.908356 0.516608 -8.85867e-05 0.00229483 -0.00238341
2.76 -0.929644 0.538995 1.40267e-05 -0.00109435 0.00110837
2.72 -0.951833 0.588503 -1.504e-05 0.000229387 -0.000244427
2.68 -0.974665 0.59887 0.000160373 0.00039136 -0.000230987
2.64 -1.00134 0.66079 3.44e-05 0.00447392 -0.00443952
2.6 -1.02922 0.698527 -1.92533e-05 -0.00861275 0.00859349
2.56 -1.05865 0.794291 -2.752e-05 0.002784 -0.00281152
2.52 -1.08865 0.781826 8.13867e-05 0.00157664 -0.00149525
2.48 -1.12625 0.889893 -2.15467e-05 0.00768005 -0.0077016
2.44 -1.16616 1.12327 0.000112693 0.0276406 -0.0275279
2.4 -1.20053 1.08827 4.288e-05 0.0162446 -0.0162017
2.36 -1.2661 1.51846 -7.24267e-05 0.019167 -0.0192394
2.32 -1.33176 1.84138 -9.49333e-06 0.0819838 -0.0819933
2.28 -1.40216 2.06993 3.312e-05 -0.282194 0.282227
2.24 -1.48652 1.67333 -1.19467e-05 -0.360283 0.360271
2.2 -1.55001 1.34784 -6.016e-05 -0.395854 0.395794
2.16 -1.60095 1.1888 -3.072e-05 -0.415196 0.415165
2.12 -1.64299 1.08552 3.68e-05 -0.427931 0.427968
2.08 -1.68297 0.966421 5.11467e-05 -0.439381 0.439432
2.04 -1.72062 0.854947 6.33067e-05 -0.449435 0.449499
2 -1.75067 0.810498 4.032e-05 -0.45608 0.45612
1.96 -1.77845 0.755228 6.336e-05 -0.46174 0.461803
1.92 -1.80468 0.726713 -1.76533e-05 -0.467159 0.467142
1.88 -1.82946 0.719125 -1.392e-05 -0.471649 0.471635
1.84 -1.85185 0.744288 0.000118773 -0.475386 0.475505
1.8 -1.87297 0.771922 3.94133e-05 -0.478774 0.478813
1.76 -1.8932 0.849035 5.21067e-05 -0.48166 0.481712
1.72 -1.91435 0.963174 -1.84533e-05 -0.484385 0.484367
1.68 -1.93492 1.1581 4.16e-06 -0.4866 0.486604
1.64 -1.95811 1.43991 2.13333e-06 -0.488769 0.488771
1.6 -1.98241 1.88626 -1.49867e-05 -0.490432 0.490417
1.56 -2.01355 2.55323 -1.232e-05 -0.492149 0.492137
1.52 -2.05262 3.55842 2.416e-05 -0.493608 0.493632
1.48 -2.10571 5.12349 1.66933e-05 -0.49494 0.494956
1.44 -2.18092 7.55371 -1.92e-06 -0.496158 0.496156
1.4 -2.29431 11.28 1.66933e-05 -0.497282 0.497299
1.36 -2.46875 17.6886 -1.49333e-05 -0.498278 0.498263
1.32 -2.75074 27.4692 2.50667e-06 -0.499086 0.499089
1.28 -3.21858 44.3905 -3.25333e-06 -0.499661 0.499658
1.24 -4.02561 72.3811 -2.50667e-06 -0.499931 0.499928
1.2 -5.46878 124.706 1.22667e-06 -0.499995 0.499996
1.16 -8.16017 224.953 1.6e-07 -0.499998 0.499998
1.12 -13.3988 422.954 2.66667e-07 -0.499999 0.499999
1.08 -24.0779 833.279 -1.6e-07 -0.5 0.499999
1.04 -46.9946 1767.72 2.66667e-07 -0.499999 0.499999
