4 -0.556956 0.17601 -5.26933e-05 4.96e-05 -0.000102293
3.94 -0.567874 0.181758 -4.272e-05 3.02933e-05 -7.30133e-05
3.88 -0.578298 0.18744 -4.656e-05 -0.00058 0.00053344
3.82 -0.590033 0.195766 -3.89333e-06 -0.000307093 0.0003032
3.76 -0.60132 0.201359 8.62933e-05 -0.000716213 0.000802507
3.7 -0.614664 0.214469 2.85867e-05 -0.000104747 0.000133333
3.64 -0.626367 0.216735 -7.18933e-05 0.000243307 -0.0003152
3.58 -0.640273 0.229179 1.60533e-05 0.00028048 -0.000264427
3.52 -0.655366 0.243742 -2.98133e-05 2.384e-05 -5.36533e-05
3.46 -0.670525 0.253715 -4.816e-05 0.000814453 -0.000862613
3.4 -0.686551 0.274217 -6.256e-05 0.00054128 -0.00060384
3.34 -0.702689 0.288367 0.000285067 0.00093072 -0.000645653
3.28 -0.719803 0.297168 6.08e-06 -0.00086448 0.00087056
3.22 -0.739562 0.324659 9.65333e-05 -0.000724427 0.00082096
3.16 -0.757918 0.336753 -8.432e-05 -0.0003376 0.00025328
3.1 -0.779757 0.354247 7.27467e-05 -0.0010272 0.00109995
3.04 -0.801212 0.376807 -9.11467e-05 -0.00034496 0.000253813
2.98 -0.825094 0.405043 -7.74933e-05 0.000422933 -0.000500427
2.92 -0.851962 0.443502 4.672e-05 0.000504 -0.00045728
2.86 -0.8778 0.48626 0.000116693 0.0018128 -0.00169611
2.8 -0.907645 0.517064 -0.000153333 -0.00102533 0.000872
2.74 -0.939956 0.552621 6.46933e-05 0.000363253 -0.00029856
2.68 -0.977555 0.616729 6.48e-05 -0.00130016 0.00136496
2.62 -1.01501 0.681798 4.37867e-05 0.00134283 -0.00129904
2.56 -1.05783 0.73463 3.33867e-05 0.00336384 -0.00333045
2.5 -1.10547 0.849372 -5.16267e-05 0.00020832 -0.000259947
2.44 -1.15943 1.01006 0.000146987 -0.0197021 0.0198491
2.38 -1.23304 1.41495 -3.79733e-05 0.0809079 -0.0809459
2.32 -1.31524 1.64843 6.07467e-05 0.0149158 -0.014855
2.26 -1.45093 1.76314 -3.02933e-05 -0.338941 0.33891
2.2 -1.54315 1.47811 -1.25867e-05 -0.385019 0.385006
2.14 -1.62155 1.15235 6.448e-05 -0.422524 0.422588
2.08 -1.68095 0.907307 7.30133e-05 -0.440057 0.44013
2.02 -1.73091 0.748239 5.67467e-05 -0.452245 0.452302
1.96 -1.77267 0.648449 2.56e-05 -0.461647 0.461673
1.9 -1.81023 0.548335 -4.29333e-05 -0.469434 0.469391
1.84 -1.84048 0.477998 -3.648e-05 -0.475022 0.474986
1.78 -1.86811 0.416569 1.76e-05 -0.48001 0.480028
1.72 -1.89101 0.36082 4.00533e-05 -0.483817 0.483857
1.66 -1.91128 0.30851 2.192e-05 -0.487136 0.487158
1.6 -1.92877 0.269794 -2.56533e-05 -0.489902 0.489876
1.54 -1.94253 0.214076 4.50667e-05 -0.491964 0.492009
1.48 -1.9549 0.184521 -1.664e-05 -0.493809 0.493793
1.42 -1.9652 0.155021 -2.35733e-05 -0.495294 0.49527
1.36 -1.97341 0.12725 3.07733e-05 -0.496424 0.496455
1.3 -1.98011 0.103117 -2.72e-05 -0.497373 0.497346
1.24 -1.98569 0.0793392 1.81333e-06 -0.498119 0.49812
1.18 -1.98992 0.0623099 1.90933e-05 -0.498678 0.498697
1.12 -1.99298 0.0469718 1.86667e-06 -0.499092 0.499094
1.06 -1.9955 0.0327551 -2.77333e-06 -0.499424 0.499421
